Year G1-T7/DB G2-DX G3-T4/T6 G4-SX G5-T10 G6-T5 G7-TSK-T4/T6 G8-TSK-T5 G9-TSK-T7
1966	-0.0113	0.2001	0.0306	-0.0740	-0.2271	0.1461	0.1977	0.0967	0.1910
1967	0.1209	0.0875	0.0152	-0.0644	-0.1444	0.1461	0.1977	0.0967	0.1910
1968	0.0361	0.0598	0.0013	-0.0746	-0.1268	0.1461	0.1977	0.0967	0.1910
1969	-0.0071	0.0127	-0.0252	-0.0627	-0.1264	0.0946	0.1977	0.0967	0.1910
1970	-0.0020	0.0363	-0.0498	-0.0955	-0.1428	0.1589	0.1977	0.0967	0.1910
1971	-0.0141	0.0114	-0.0364	-0.0564	-0.0756	0.1486	0.1977	0.0967	0.1910
1972	0.0004	0.0536	-0.0202	-0.0180	-0.0932	0.0835	0.1977	0.0967	0.1910
1973	0.0163	0.0597	-0.0066	0.0513	-0.1253	0.0595	0.1977	0.0967	0.1910
1974	0.0422	0.0631	0.0817	0.0484	-0.1427	0.0444	0.1977	0.0967	0.1910
1975	0.0239	0.0611	0.0515	0.0647	-0.0538	0.0541	0.1977	0.0967	0.1910
1976	0.0086	0.1177	0.0475	0.0656	-0.0026	0.0839	0.1977	0.0967	0.1910
1977	0.0084	0.1035	0.0647	0.0773	0.0955	0.0983	0.1977	0.0967	0.1910
1978	0.0076	0.0859	0.0952	0.0470	0.1020	0.0934	0.1977	0.0967	0.1910
1979	-0.0020	0.0724	0.1702	0.0532	0.1013	0.0719	0.1977	0.0967	0.1910
1980	0.0363	0.0491	0.1727	0.0540	0.1262	0.0569	0.1977	0.0967	0.1910
1981	0.0476	0.0320	0.1576	0.0364	0.1636	0.0150	0.1977	0.0967	0.1910
1982	0.0436	-0.0612	0.0486	-0.0326	0.0785	0.0042	0.1977	0.0967	0.1910
1983	0.0500	-0.0675	0.0144	-0.0151	0.0489	-0.0014	0.1977	0.0967	0.1910
1984	-0.0143	-0.0768	0.0092	-0.0186	0.0084	-0.0388	0.1977	0.0967	0.1910
1985	-0.0556	-0.0608	0.0170	0.0193	0.0316	-0.0706	0.1977	0.0967	0.1910
1986	-0.1009	-0.0379	0.0105	-0.0167	-0.0756	-0.0210	0.1977	0.0967	0.1910
1987	-0.0638	-0.0160	-0.0069	-0.0158	-0.0253	-0.0210	0.1814	0.0967	0.1910
1988	-0.0592	-0.0185	0.0205	-0.0213	0.0022	-0.0151	0.1967	0.0967	0.1660
1989	0.0064	-0.0264	0.0128	-0.0258	0.0289	-0.0107	0.1930	0.0967	0.1500
1990	0.0064	-0.0052	0.0098	-0.0378	0.0290	0.0030	0.1930	0.0967	0.1360
1991	0.0086	0.0102	-0.0068	-0.0052	0.0525	0.0083	0.1923	0.0967	0.1881
1992	0.0186	0.0249	0.0238	-0.0007	0.0353	0.0335	0.1882	0.0967	0.2257
1993	0.0030	0.0184	0.0248	0.0141	0.0648	0.0185	0.1755	0.0884	0.2650
1994	-0.0072	0.0046	0.1200	-0.0052	0.0710	0.0061	0.1311	0.0795	0.2132
1995	-0.0086	-0.0292	0.0926	-0.0104	0.0392	-0.0007	0.0681	0.0489	0.1144
1996	0.0005	-0.0488	-0.0605	-0.0473	0.0680	0.0066	0.0506	0.0088	0.1254
1997	-0.0067	-0.0417	-0.0739	-0.0662	0.0939	0.0029	0.0055	-0.0543	0.0990
1998	-0.0060	-0.0515	-0.0643	-0.0928	0.0695	0.0024	0.0514	-0.0424	0.0866
1999	-0.0024	-0.0499	-0.0220	-0.0816	0.0872	-0.0021	0.0977	-0.0423	0.0928
2000	0.0092	-0.0604	-0.0130	-0.0727	0.0936	0.0024	0.0943	-0.0704	0.0818
2001	0.0058	-0.0418	0.0167	-0.0700	0.0775	-0.0101	0.1189	-0.0511	0.0746
2002	0.0206	-0.0154	0.0074	-0.0761	0.1066	-0.0080	0.1210	-0.0380	0.0704
2003	0.0294	0.0135	0.0347	-0.0578	0.1091	0.0024	0.1107	-0.0222	0.0495
2004	0.0333	-0.0087	0.0354	-0.0720	0.0660	0.0220	0.0984	-0.0291	0.0446
2005	0.0281	0.0210	0.0160	-0.1141	0.0659	0.0666	0.0814	-0.0228	0.0390
2006	0.0271	-0.0020	0.0157	0.0534	0.0629	0.0569	0.0541	-0.0153	0.0511
2007	0.0256	0.0169	-0.0060	0.0483	0.0486	0.0631	0.0624	-0.0177	0.0422
2008	0.0194	0.0186	-0.0113	0.0483	0.0452	0.0515	0.0888	-0.0565	0.0333
2009	0.0231	-0.0069	0.0135	0.0483	0.0588	0.0856	0.0723	-0.0182	0.0111
2010	0.0385	-0.0160	-0.0057	0.0483	0.0605	0.1103	0.1256	0.0148	0.0562
2011	0.0332	-0.0115	-0.0300	0.0483	0.0408	0.0616	0.2010	0.0839	0.0734
2012	0.0217	-0.0164	0.0150	0.0432	0.0747	0.0676	0.2929	0.1347	0.0791
2013	0.0144	0.0148	0.0468	0.0464	0.0692	0.0690	0.3345	0.1522	0.0695
2014	-0.0096	0.0018	0.0602	0.0603	0.0824	0.0603	0.3786	0.1598	0.0701
2015	-0.0397	0.0035	0.0936	0.0891	0.0991	0.0462	0.3666	0.1236	0.0638
2016	-0.0674	-0.0009	0.0847	0.1042	0.1000	0.0633	0.4583	0.1186	0.1233
2017	-0.0587	-0.0009	0.0706	0.1042	0.0588	-0.0046	0.4030	0.1444	0.0975
2018	-0.0729	-0.0009	0.0989	0.1042	0.0423	-0.0095	0.2921	0.1451	0.0937
2019	-0.0501	-0.0009	0.1045	0.1042	0.0442	-0.0049	0.3221	0.1532	0.1126
2020	-0.0265	-0.0009	0.0588	0.1042	0.0315	-0.0052	0.3481	0.1404	0.1134
2021	0.0160	-0.0009	0.0299	0.1042	0.0281	-0.0140	0.2498	0.0458	0.1542
2022	0.0037	-0.0009	-0.0377	0.1042	0.0020	-0.0081	0.2852	0.0376	0.1351
2023	-0.0311	-0.0009	-0.0557	0.1042	0.0020	0.0093	0.3400	0.0376	0.1804
