Year G1-T7/DB G2-DX G3-T4/T6 G4-SX G5-T10 G6-T5	G7-TSK-T4/T6 G8-TSK-T5 G9-TSK-T7
1966	-0.0367	0.0700	-0.2411	-0.5242	-0.4685	-0.6500	-0.0500	-0.0500	0.2000
1967	-0.0498	0.0300	-0.2355	-0.5442	-0.4685	-0.6600	-0.0500	-0.0500	0.2000
1968	0.0651	-0.0500	-0.2912	-0.5323	-0.3685	-0.6500	-0.0500	-0.0500	0.2000
1969	-0.1238	-0.1800	-0.3622	-0.5205	-0.3785	-0.5800	-0.0500	-0.0500	0.2000
1970	-0.1636	-0.1900	-0.4123	-0.5687	-0.4685	-0.5900	-0.0500	-0.0500	0.2000
1971	-0.2126	-0.1700	-0.4016	-0.5979	-0.5385	-0.6500	-0.0500	-0.0500	0.2000
1972	-0.2612	-0.2000	-0.3623	-0.6145	-0.5285	-0.5300	-0.0500	-0.0500	0.2000
1973	-0.2807	-0.2400	-0.4182	-0.4204	-0.4685	-0.5700	-0.0500	-0.0500	0.2000
1974	-0.3685	-0.3000	-0.3279	-0.4094	-0.4004	-0.5200	-0.0500	-0.0500	0.2000
1975	-0.3379	-0.2700	-0.3430	-0.3300	-0.4005	-0.4900	-0.0500	-0.0500	0.2000
1976	-0.4452	-0.1000	-0.3345	-0.3600	-0.4985	-0.4800	-0.0500	-0.0500	0.2000
1977	-0.4174	-0.0700	-0.3149	-0.4000	-0.4480	-0.4300	-0.0500	-0.0500	0.2000
1978	-0.3670	-0.0900	-0.3437	-0.3900	-0.4577	-0.4500	-0.0500	-0.0500	0.2000
1979	-0.3876	-0.1000	-0.1954	-0.3600	-0.1959	-0.3900	-0.0500	-0.0500	0.2000
1980	-0.2455	-0.1600	-0.1580	-0.2400	-0.0455	-0.3700	-0.0500	-0.0500	0.2000
1981	-0.1786	-0.2300	-0.2008	-0.2500	-0.1489	-0.4100	-0.0500	-0.0500	0.2000
1982	-0.1734	-0.2100	-0.3986	-0.3300	-0.1999	-0.3600	-0.0500	-0.0500	0.2000
1983	-0.1012	-0.2900	-0.4309	-0.2400	-0.2052	-0.3300	-0.0500	-0.0500	0.2000
1984	-0.0812	-0.1300	-0.3625	-0.2500	-0.2696	-0.3600	-0.0500	-0.0500	0.2000
1985	-0.0661	-0.1000	-0.2732	-0.1200	-0.0167	-0.2600	-0.0500	-0.0500	0.2000
1986	-0.1151	0.0100	-0.1781	-0.2000	0.0031	-0.2100	-0.0500	-0.0500	0.2000
1987	0.0300	0.0200	-0.2122	-0.2100	0.0031	-0.2000	-0.0500	-0.0500	0.2000
1988	-0.0646	0.0300	-0.1095	-0.2000	-0.0978	-0.2200	-0.0500	-0.0500	0.2000
1989	0.0200	-0.0400	-0.1200	-0.2700	-0.0484	-0.2500	-0.0500	-0.0500	0.2000
1990	-0.0095	-0.0200	-0.1000	-0.3500	0.0018	-0.2200	-0.0500	-0.0500	0.2000
1991	-0.0121	-0.0100	-0.0700	-0.2800	-0.1430	-0.2200	-0.1100	-0.0500	0.2000
1992	-0.0224	-0.0200	0.0400	-0.3200	-0.0530	-0.1300	-0.1700	-0.0500	0.3000
1993	-0.0466	-0.0900	-0.0500	-0.2900	0.1460	-0.2400	-0.2100	-0.0900	0.3000
1994	-0.0428	-0.1100	0.1100	-0.3200	0.1480	-0.2300	-0.2300	-0.1100	0.3100
1995	-0.0303	-0.1500	0.0900	-0.1800	0.1600	-0.2300	-0.3300	-0.0900	0.3500
1996	-0.0082	-0.2000	0.0400	-0.1800	0.1200	-0.1800	-0.3800	-0.0600	0.4700
1997	-0.0700	-0.1500	0.0100	-0.0300	0.2680	-0.1800	-0.1700	-0.1000	0.4600
1998	-0.0600	-0.1800	0.0600	0.0021	0.2610	-0.1600	-0.1400	-0.1400	0.3600
1999	-0.0700	-0.1800	0.0800	0.0619	0.3030	-0.2600	-0.1200	-0.2300	0.3000
2000	-0.0600	-0.1700	0.1700	0.0579	0.2420	-0.2100	-0.1200	-0.2000	0.2200
2001	-0.1000	-0.1300	0.0400	0.0991	-0.0590	-0.1700	-0.0600	-0.1500	0.1600
2002	-0.0300	-0.1300	-0.0900	0.0443	-0.1440	-0.1200	-0.1100	-0.0700	0.1400
2003	-0.0700	-0.1800	0.0200	0.1835	-0.2350	-0.0100	-0.0900	0.0300	0.0400
2004	-0.1100	-0.1300	-0.0500	-0.2543	-0.2600	0.0000	-0.2200	-0.0200	0.0000
2005	-0.1300	0.0500	-0.2000	-0.3243	-0.2580	0.0600	-0.3100	0.0200	-0.0300
2006	-0.1400	0.0600	-0.2400	-0.3048	-0.2600	0.0100	-0.3600	0.0200	-0.0500
2007	-0.1500	0.0600	-0.3900	-0.3348	-0.2600	-0.0200	-0.3000	0.0300	-0.0600
2008	-0.1600	0.0700	-0.3400	-0.3209	-0.2600	-0.0200	-0.3200	-0.0700	-0.0500
2009	-0.1200	0.0000	-0.3000	-0.3234	-0.2600	-0.0200	-0.3100	-0.0200	-0.1000
2010	-0.0300	-0.0300	-0.3000	-0.2900	-0.2600	0.0300	-0.1700	-0.0600	0.0000
2011	0.0000	-0.1100	-0.2700	-0.2800	-0.2600	0.0100	-0.0400	-0.0300	0.0300
2012	-0.0600	-0.1200	-0.3000	-0.2700	-0.2600	0.1000	0.0800	-0.0600	0.0400
2013	-0.1300	-0.1000	-0.2400	-0.2700	-0.4300	0.1600	0.1500	-0.0200	0.0000
2014	-0.2500	-0.1300	-0.2510	-0.2800	-0.4300	0.1500	0.1600	-0.0300	0.0000
2015	-0.3100	-0.1100	-0.1912	-0.3100	-0.4300	0.1500	0.0900	-0.0300	0.0100
2016	-0.4200	-0.1400	-0.1800	-0.3700	-0.3800	0.0800	0.1100	-0.0300	0.0600
2017	-0.4200	-0.1400	-0.1800	-0.3700	-0.2800	-0.0100	0.0800	-0.0300	0.0600
2018	-0.4500	-0.1400	-0.1800	-0.3700	-0.2800	-0.0300	-0.0900	-0.0300	0.1200
2019	-0.3200	-0.1400	-0.1800	-0.3700	-0.2800	-0.0200	0.0600	-0.0300	0.1400
2020	-0.4200	-0.1400	-0.1800	-0.3700	-0.2800	-0.0100	0.1100	-0.0300	0.1100
2021	-0.2200	-0.1400	-0.1800	-0.3700	-0.2800	-0.0100	-0.0400	-0.0600	0.1600
2022	-0.1200	-0.1400	-0.1800	-0.3700	-0.2800	-0.0100	0.0000	-0.0700	0.1300
2023	-0.0900	-0.1400	-0.1800	-0.3700	-0.2800	-0.0100	0.0600	-0.0700	0.2000
